11100010
11110011
11001010
10101010
01000010
00000101
01001101
00001100
00001100
00001100
10110001
01010000
11001100
00001100
10001101
01001101
00000101
00000101
11000011
10001101
10111101
00001100
10110001
01010000
11001100
00001100
10001101
10101100
00000101
00000101
00000101
01100011
11110011
01001011
00000101
00011011
10111101
00100010
01001101
00000101
00101011
11110011
00000101
00100010
11001100
10110001
01010000
11001100
00001100
10001101
00011101
00000101
00000101
00000101
01001011
10100011
10000010
00100010
00000101
11000101
10001101
00110101
00011011
11011101
01000010
00100100
10110001
01010000
11001100
00001100
01001101
10001101
00000101
00000101
00000101
11000011
10001101
10111101
11000011
10001101
11010100
10001101
10110001
01010000
11001100
00001100
01001101
00101101
00000101
00000101
00000101
11110011
00100100
00010100
11000011
10001101
01010101
01011010
00010100
10011100
10010101
10110100